Id Func
2694190
3706249
2694794
2992523
2689006
2688972
2688344
2693593
3700291
4518225
3864910
2972425
3711579
2869608
2691680
2690152
4522540
3151751
2915707
3158268
4398114
2687470
3145700
2687224
2690977
4512316
2689154
4514122
2684802
3704467
2675404
4514700
2959291
4519540
4528247
3715515
2692929
2682192
2683865
2683857
2691922
4511255
4363906
2683784
2812967
2693348
2690217
3699668
4509757
2691590
2694786
2690144
2686473
2881675
2695553
2675269
2682168
2688166
4511980
3164063
4518853
4517750
2681994
3152103
2687330
2689375
4290062
4513738
4525175
4509463
4388569
2612844
2686180
2685523
3144712
4524802
2693194
2685230
4516788
4514491
2688689
2993139
2914565
2691221
4509536
3160360
4526384
2914549
3705455
4390229
4521617
2683750
2691132
2693100
2686872
2692104
2686325
2957159
2693429
2691744
3157334
4357701
2688743
2690012
4522648
4515463
4520920
2689286
2687658
2692694
2694468
2684241
4356853
2694255
2689596
3549593
4518110
4515366
2682885
3715850
3162478
2824779
3717399
4358988
2684128
3704793
2695537
2694999
2685612
2688450
2686406
4508904
2695448
4364643
4364589
2675307
2694506
4360664
2686929
4388607
2686228
2690179
4525370
2687054
2687135
2691639
2675595
2683318
4359224
4364635
4358414
4513169
4525078
3149218
2688433
2691647
2694166
2687534
4513568
2691671
2825783
4290542
3159388
2695065
2683830
4520025
3168808
2687356
2682800
3716430
4518543
2689120
2692880
2682435
2692287
4518489
3159701
4519469
4514750
2918595
2688212
2681609
4529030
2693976
2689499
2685280
2877945
2683938
2681706
2682303
2685191
2992191
4514734
4511204
2686678
4519388
2684004
3706273
2695430
2974460
2969050
3167046
4525051
4522605
2686112
3145751
